
Without Shared MEM
256     0.0032      0.7234      0.0005      7.0143      1590.9846   
512     0.0061      0.7282      0.0017      3.6345      433.7316    
1024    0.0136      1.0499      0.0024      5.5709      429.0192    
2048    0.0299      0.9463      0.0039      7.7434      244.7104    
4096    0.0718      0.9873      0.0110      6.5579      90.1436     
8192    0.1678      0.8738      0.0248      6.7572      35.1902     
16384   0.5843      2.5738      0.0515      11.3498     49.9966     
32768   0.8197      1.7253      0.1020      8.0346      16.9115     
65536   1.6309      1.8110      0.2549      6.3984      7.1054      
131072  3.7032      3.3107      0.8522      4.3453      3.8848      
262144  7.9111      5.3551      1.9167      4.1275      2.7940      
524288  17.7171     10.0205     9.0656      1.9543      1.1053      
1048576 41.7419     19.2214     23.5102     1.7755      0.8176      
2097152 107.2841    53.0090     66.6151     1.6105      0.7957      
4194304 238.8029    131.3854    145.1239    1.6455      0.9053      
8388608 501.1050    239.9065    304.7157    1.6445      0.7873      
16777216965.6766    417.6044    871.6219    1.1079      0.4791  

With base twiddles
256     0.0031      0.7205      0.0009      3.2829      763.5937    
512     0.0072      0.8204      0.0009      7.7692      880.4437    
1024    0.0140      1.1203      0.0027      5.1983      415.4192    
2048    0.0313      0.9489      0.0037      8.5765      259.7234    
4096    0.0721      0.9795      0.0176      4.0913      55.6112     
8192    0.1618      0.9905      0.0255      6.3329      38.7734     
16384   0.3558      1.1076      0.0563      6.3248      19.6898     
32768   0.8113      1.2344      0.1147      7.0739      10.7632     
65536   1.6774      1.4306      0.3029      5.5375      4.7228      
131072  3.8504      2.1697      0.9683      3.9762      2.2406      
262144  8.6302      3.6473      2.1455      4.0224      1.6999      
524288  17.5470     6.4637      9.6276      1.8226      0.6714      
1048576 42.1873     12.5459     27.0578     1.5592      0.4637      
2097152 112.4204    25.5583     64.2245     1.7504      0.3980      
4194304 238.4872    69.0945     144.7080    1.6481      0.4775      
8388608 768.8917    115.9853    311.1405    2.4712      0.3728      
16777216930.2638    215.7931    896.8465    1.0373      0.2406

Changing to FLoats makes the Implementation less precise!!
not measuring pre calculations:

256     1.0000      0.8521      0.0007      1438.2281   1225.4647   
512     1.0000      0.8813      0.0011      905.6330    798.0912    
1024    1.0000      1.1527      0.0026      390.1373    449.7015    
2048    1.0000      0.5633      0.0037      269.5200    151.8324    
4096    1.0000      0.6130      0.0096      104.5774    64.1033     
8192    1.0000      0.6425      0.0262      38.1394     24.5051     
16384   1.0000      1.0186      0.0604      16.5614     16.8695     
32768   1.0000      0.9414      0.1249      8.0076      7.5382      
65536   1.0000      1.4884      0.2968      3.3696      5.0153      
131072  1.0000      2.2098      0.9217      1.0849      2.3974      
262144  1.0000      2.5232      2.4628      0.4060      1.0245      
524288  1.0000      2.7693      11.3084     0.0884      0.2449      
1048576 1.0000      5.8271      26.8536     0.0372      0.2170      
2097152 1.0000      7.6114      70.8059     0.0141      0.1075      
4194304 1.0000      10.7325     214.9179    0.0047      0.0499      
8388608 1.0000      19.0794     464.1121    0.0022      0.0411      
167772161.0000      50.2390     1061.4270   0.0009      0.0473


Base twiddles:
N       Seq (ms)    CUDA (ms)   FFTW (ms)   Seq x       CUDA x      
--------------------------------------------------------------------
256     1.0000      0.2512      0.0004      2809.7780   705.8623    
512     1.0000      0.3531      0.0011      872.6765    308.1623    
1024    1.0000      0.3612      0.0014      739.3169    267.0696    
2048    1.0000      0.4612      0.0029      345.5903    159.3883    
4096    1.0000      0.3804      0.0065      153.2497    58.2964     
8192    1.0000      0.5426      0.0239      41.8216     22.6920     
16384   1.0000      0.4594      0.0351      28.4605     13.0757     
32768   1.0000      0.5815      0.0677      14.7730     8.5912      
65536   1.0000      0.5975      0.1518      6.5895      3.9371      
131072  1.0000      0.6920      0.4562      2.1919      1.5169      
262144  1.0000      0.6112      1.3255      0.7544      0.4611      
524288  1.0000      0.7374      4.8416      0.2065      0.1523      
1048576 1.0000      1.5408      16.8621     0.0593      0.0914      
2097152 1.0000      2.6248      47.4760     0.0211      0.0553      
4194304 1.0000      4.8177      133.0278    0.0075      0.0362      
8388608 1.0000      9.9658      292.8281    0.0034      0.0340      
167772161.0000      21.2121     628.7009    0.0016      0.0337   

base version:
1024    1.0000      0.2282      0.0013      780.0312    177.9817    
2048    1.0000      0.2129      0.0027      372.0792    79.2118     
4096    1.0000      0.2375      0.0066      152.1954    36.1505     
8192    1.0000      0.1978      0.0192      52.0885     10.3055     
16384   1.0000      0.2780      0.0386      25.8965     7.1992      
32768   1.0000      0.3012      0.0862      11.6007     3.4946      
65536   1.0000      0.3409      0.1464      6.8309      2.3285      
131072  1.0000      0.3981      0.3837      2.6063      1.0375      
262144  1.0000      0.6195      1.3360      0.7485      0.4637      
524288  1.0000      0.8890      6.3541      0.1574      0.1399      
1048576 1.0000      1.6668      14.7135     0.0680      0.1133      
2097152 1.0000      3.1597      48.7365     0.0205      0.0648      
4194304 1.0000      6.3551      130.2553    0.0077      0.0488      
8388608 1.0000      12.9434     292.1210    0.0034      0.0443      
167772161.0000      34.8532     630.9893    0.0016      0.0552      
335544321.0000      75.5678     1476.9332   0.0007      0.0512   